    1 A    0.000 T   -0.792   -0.960    0.216    0.776   -7.163   55.446   -7.159
    2 A    0.000 T   -1.388   -1.384    0.435   -0.010   -6.320   51.860   -6.299
    3 A    0.978 P   -2.153   -1.925    1.232   -0.185   -4.721   51.071   -2.968
    4 A    1.012 L   -1.873   -1.774    0.936   -0.107   -1.690   52.673   -1.398
    5 A    1.000 V   -2.802   -1.783    0.658   -1.549    1.742   51.619   -2.684
    6 A    3.287 H   -0.125   -0.992    2.053    0.422    4.475   50.861   -0.123
    7 A    1.982 V   -3.922   -0.949    1.730   -1.719    7.876   50.578   -1.707
    8 A    3.275 A   -4.385   -1.468    2.834   -1.029   10.499   48.941    0.451
    9 A    2.000 S   -2.097   -2.148    1.017    0.050   13.502   51.293    0.698
   10 A    2.614 V   -2.648   -1.577    0.755   -1.419   16.785   49.879    1.992
   11 A    2.236 E   -0.562   -2.452    1.538    1.229   18.235   51.834    4.943
   12 A    0.000 K   -0.636   -1.063    0.626    0.681   20.889   54.195    3.614
   13 A    0.000 G   -0.974   -1.078    0.839    0.124   23.717   51.930    2.513
   14 A    0.132 R   -1.875   -1.688    1.318   -0.142   23.203   49.043    4.994
   15 A    0.000 S   -1.831   -1.097    0.844   -0.869   23.699   45.446    3.916
   16 A    1.000 Y   -1.323   -2.344    1.128    0.905   23.346   41.935    5.152
   17 A    0.000 E   -1.527   -0.604    0.779   -1.184   26.149   42.237    7.673
   18 A    0.000 D   -0.632   -0.957    1.212    0.268   24.623   45.402    9.125
   19 A    1.941 F   -6.197   -3.745    2.169   -1.131   21.461   43.274    9.581
   20 A    1.318 Q   -0.699   -1.345    1.460    0.443   23.274   40.161   10.947
   21 A    0.000 K   -0.907   -0.300    0.811   -0.748   24.474   42.408   13.691
   22 A    2.977 V   -7.962   -1.623    4.531   -1.399   20.939   43.350   14.734
   23 A    2.103 Y   -2.009   -2.811    2.651    0.303   20.018   39.661   14.899
   24 A    0.002 N   -0.775   -1.455    1.521    0.447   23.026   38.876   17.038
   25 A    1.949 A   -4.014   -1.472    1.872   -1.358   22.001   41.590   19.459
   26 A    2.331 I   -8.208   -2.188    3.323   -1.812   18.459   40.317   19.579
   27 A    2.987 A   -3.451   -0.648    2.846   -0.985   19.623   36.725   19.596
   28 A    0.020 L   -1.664   -0.213    1.219   -1.190   22.034   37.169   22.516
   29 A    0.019 K   -0.325   -0.842    1.160    0.446   19.593   39.015   24.580
   30 A    2.403 L   -7.192   -2.419    2.721   -1.754   17.192   36.114   24.300
   31 A    1.055 R   -2.362   -1.939    0.692   -0.612   20.192   34.057   25.656
   32 A    0.000 E   -2.158   -1.015    0.614   -1.862   20.653   36.643   28.435
   33 A    0.000 D   -0.483   -0.888    0.609    0.665   17.168   37.475   29.830
   34 A    0.001 D   -2.744   -2.214    1.318   -0.402   16.055   33.779   29.889
   35 A    0.000 E   -0.818   -1.416    0.937    0.638   14.122   34.131   33.143
   36 A    0.000 Y    0.849   -1.593    1.207    2.023   11.052   35.779   31.500
   37 A    0.000 D   -2.270   -1.689    1.117   -0.520    7.781   34.153   32.096
   38 A    0.915 N   -1.660   -2.123    1.125    0.412    8.945   31.203   34.252
   39 A    1.377 Y    1.084   -0.273    0.799    1.700   11.847   30.643   31.961
   40 A    2.988 I    0.009    0.419    1.446   -0.284    9.974   30.520   28.690
   41 A    0.994 G   -1.797   -1.440    1.268   -0.282   12.069   33.392   27.538
   42 A    1.465 Y   -2.349   -3.069    2.807    0.257   11.188   36.184   25.133
   43 A    2.883 G   -0.957   -1.468    4.598    0.111   10.868   33.795   22.173
   44 A    1.402 P   -0.005   -1.567    1.788    0.873    7.082   33.230   22.023
   45 A    2.135 V   -5.569   -1.579    2.910   -1.371    6.240   36.891   22.694
   46 A    2.972 L   -8.041   -1.899    4.583   -1.340    8.545   38.198   19.966
   47 A    4.435 V   -9.813   -1.975    5.464   -1.434    6.998   35.788   17.409
   48 A    0.594 R   -1.156   -2.086    2.521    0.369    3.553   36.922   18.522
   49 A    2.970 L   -8.568   -1.958    5.255   -1.258    4.626   40.548   18.161
   50 A    3.149 A   -4.168   -1.971    4.737   -0.464    5.860   39.800   14.675
   51 A    0.154 W   -4.643   -1.774    2.408   -1.191    2.408   38.352   13.752
   52 A    2.936 H   -1.085   -0.559    2.705   -0.194    0.356   41.162   15.279
   53 A    3.372 I   -4.926   -1.032    2.654   -1.467    2.105   44.036   13.528
   54 A    2.483 S   -0.693   -2.125    2.945    0.486    1.693   42.176   10.294
   55 A    1.741 G   -2.057   -2.406    1.881    0.185   -1.861   40.861   10.896
   56 A    0.826 T   -2.566   -2.678    1.469    0.076   -3.593   44.211   10.550
   57 A    2.715 W   -2.059   -0.282    1.584   -1.122   -3.035   44.103    6.765
   58 A    0.974 D   -3.131   -1.356    0.978   -1.816   -6.185   44.307    4.621
   59 A    1.740 K   -1.776   -1.697    0.863   -0.091   -5.533   43.168    1.059
   60 A    0.000 H   -1.771   -1.055    1.187   -0.602   -8.560   45.069   -0.332
   61 A    0.979 D   -0.881   -0.666    0.499   -0.430   -7.120   48.548    0.299
   62 A    2.001 N   -1.534   -2.689    1.120    1.031   -3.576   47.471    1.404
   63 A    0.927 T   -2.325   -1.478    1.523   -0.557   -3.627   49.261    4.810
   64 A    0.673 G   -2.057   -2.710    1.429    0.457   -2.053   47.845    8.015
   65 A    1.914 G   -2.712   -2.574    1.462   -0.095    0.763   45.283    7.510
   66 A    5.012 S    0.348   -0.921    3.207    0.396    4.373   45.460    8.774
   67 A    3.311 Y   -4.455   -1.010    2.517   -1.368    5.518   48.234    6.513
   68 A    4.379 G   -0.583   -0.090    1.521   -0.324    4.804   51.280    8.731
   69 A    2.387 G   -1.746   -2.240    1.660    0.298    5.933   50.156   12.160
   70 A    2.489 T   -2.824   -1.917    1.158   -0.783    2.742   51.772   13.414
   71 A    1.082 Y   -1.500   -2.158    2.284    0.288    2.511   49.479   16.485
   72 A    0.998 R   -3.609   -2.316    1.051   -1.231    4.638   52.135   18.136
   73 A    1.875 F    0.010   -0.019    0.989    0.029    1.692   54.594   18.223
   74 A    0.000 K   -2.020   -1.053    0.647   -1.495   -0.618   54.356   21.274
   75 A    0.715 K   -3.440   -2.167    1.057   -1.204   -3.714   53.683   19.254
   76 A    1.877 E   -1.672   -2.153    1.538    0.313   -2.202   50.549   17.928
   77 A    0.000 F   -2.283   -1.751    0.997   -0.534   -0.017   49.821   20.990
   78 A    0.000 N   -2.638   -1.275    1.338   -1.018   -3.096   49.991   23.118
   79 A    0.461 D   -2.027   -1.702    0.799   -0.407   -5.310   47.676   21.037
   80 A    0.007 P   -2.400   -1.509    0.807   -1.104   -6.685   45.242   23.557
   81 A    0.644 S   -2.422   -2.187    0.972   -0.242   -5.857   42.214   21.350
   82 A    1.000 N   -2.676   -2.863    1.495    0.125   -2.354   43.429   21.753
   83 A    1.496 A    0.143   -1.633    1.189    1.493   -2.259   42.880   25.480
   84 A    0.996 G   -1.935   -1.763    0.970   -0.177    1.064   41.424   26.647
   85 A    2.686 L   -5.324   -1.069    2.980   -1.428    3.098   42.588   23.676
   86 A    0.000 Q    0.086   -0.710    0.909    0.877    4.370   45.607   25.606
   87 A    1.000 N    1.033   -0.913    2.356    0.826    6.813   43.068   27.116
   88 A    3.442 G    0.302   -0.871    4.083    0.287    8.080   42.392   23.582
   89 A    0.006 F   -3.916   -1.608    1.666   -1.386    8.258   46.100   22.795
   90 A    0.000 K   -0.089    0.174    0.571   -0.461   10.487   46.853   25.828
   91 A    1.002 F   -4.173   -3.485    1.695   -0.406   12.819   43.956   25.051
   92 A    1.029 L   -7.439   -2.838    2.853   -1.613   13.699   45.570   21.761
   93 A    0.000 E   -1.898   -1.013    0.923   -0.959   13.733   49.315   22.687
   94 A    0.000 P   -1.773   -1.366    1.040   -0.391   17.300   48.916   23.995
   95 A    2.039 I   -6.958   -2.495    2.223   -2.008   18.454   47.261   20.757
   96 A    0.000 H   -1.890   -1.290    1.903   -0.315   16.709   50.014   18.871
   97 A    0.000 K    0.648    0.009    0.538    1.186   18.879   52.701   20.600
   98 A    0.956 E   -2.291   -2.464    0.964    0.179   21.877   50.606   19.651
   99 A    1.000 F   -4.570   -2.475    1.885   -1.112   20.766   50.659   15.932
  100 A    0.000 P   -0.328   -0.563    0.416    0.565   18.627   53.749   15.429
  101 A    1.130 W   -0.449   -1.427    0.634    1.544   18.824   53.495   11.611
  102 A    1.882 I   -5.989   -2.898    1.453   -2.128   16.679   50.349   11.159
  103 A    3.054 S   -0.824   -0.929    2.032    0.052   12.927   51.216   10.905
  104 A    2.012 S   -1.021   -1.533    1.589    0.322   10.382   50.023   13.499
  105 A    2.142 G   -2.169   -1.741    2.551   -0.168    8.753   47.723   11.000
  106 A    2.457 D    0.004   -2.603    2.847    0.916   12.121   46.092   10.117
  107 A    0.998 L   -4.827   -1.824    2.885   -1.041   12.900   45.557   13.833
  108 A    3.906 F   -7.150   -1.523    4.511   -1.247    9.562   44.010   14.878
  109 A    2.769 S   -0.669   -1.474    3.388    0.237    9.696   41.489   12.041
  110 A    1.896 L   -8.781   -2.838    4.376   -1.358   13.475   40.672   12.200
  111 A    2.958 G   -0.353   -2.803    6.817    0.359   12.740   39.955   15.798
  112 A    1.718 G   -1.368   -2.594    4.124    0.297   10.214   37.279   15.067
  113 A    0.989 V   -8.855   -2.661    3.939   -1.572   12.604   35.703   12.529
  114 A    2.310 T   -2.406   -2.346    3.984   -0.015   15.368   35.631   15.136
  115 A    1.506 A   -3.643   -2.444    2.993   -0.401   13.161   34.000   17.733
  116 A    1.988 V   -7.620   -2.895    3.676   -1.285   12.036   31.209   15.423
  117 A    1.016 Q   -0.380   -2.240    2.205    0.843   15.563   30.467   14.173
  118 A    3.484 E    1.811   -1.787    4.496    0.800   16.976   30.879   17.725
  119 A    3.756 M   -5.217   -1.180    3.526   -1.145   14.365   28.329   19.039
  120 A    2.003 Q   -2.451   -2.695    1.015    0.241   15.512   25.856   16.413
  121 A    0.742 G   -1.499   -1.740    2.052    0.118   12.744   26.496   13.874
  122 A    1.149 P   -3.220   -2.905    1.304   -0.241   13.559   26.638   10.169
  123 A    1.465 K   -0.634   -2.473    1.146    1.605   15.343   29.475    8.506
  124 A    2.985 I   -6.388   -0.472    3.858   -1.534   13.243   32.347    7.400
  125 A    2.027 P   -2.816   -2.571    0.866   -0.283   14.436   34.434    4.512
  126 A    3.718 W   -6.344   -1.835    4.567   -0.987   13.811   38.044    5.431
  127 A    1.957 R   -3.148   -2.306    1.555   -0.542   13.875   41.415    3.721
  128 A    3.287 C   -8.645   -1.268    2.642   -2.793   14.492   44.953    4.749
  129 A    3.036 G   -0.483   -1.191    2.383    0.297   13.029   48.159    3.429
  130 A    4.636 R   -0.333   -1.242    2.868    0.317   10.052   48.730    5.701
  131 A    2.506 V   -3.178   -1.547    0.840   -1.941    9.725   52.558    6.153
  132 A    3.975 D   -0.105   -0.115    1.166    0.009    8.128   54.310    9.145
  133 A    0.777 T   -1.876   -1.994    0.597    0.198    4.836   56.117    8.510
  134 A    0.000 P    0.449   -0.218    0.469    1.424    3.011   58.926   10.224
  135 A    0.998 E   -3.556   -2.239    1.213   -1.086    0.710   58.486   13.119
  136 A    0.000 D   -0.013   -0.377    0.335    1.088   -2.080   58.812   10.567
  137 A    1.934 T   -1.707   -1.190    0.548   -0.943   -1.408   55.409    8.988
  138 A    2.678 T   -1.097   -0.309    0.749   -1.053   -2.343   53.718   12.275
  139 A    3.255 P    1.342    0.097    0.913    1.364   -4.907   50.977   11.726
  140 A    0.000 D   -3.220   -2.183    1.508   -0.688   -7.946   51.083   13.915
  141 A    0.229 N   -4.633   -2.912    1.881   -0.915   -8.127   48.413   16.571
  142 A    0.602 G   -2.240   -2.177    1.179   -0.054  -10.023   45.288   15.731
  143 A    0.830 R   -5.943   -2.970    1.626   -1.827   -8.301   43.826   12.701
  144 A    2.132 L   -2.477   -1.595    1.192   -0.739   -6.951   40.865   14.707
  145 A    0.024 P   -2.553   -1.873    0.961   -0.707   -8.604   37.573   15.394
  146 A    0.000 D   -0.077    0.034    0.429   -0.258  -10.904   36.426   18.118
  147 A    3.541 A   -1.432   -0.085    1.215   -1.109  -10.135   33.083   19.858
  148 A    1.038 D   -0.264   -0.903    0.954    0.670  -13.633   32.181   20.650
  149 A    1.993 K   -0.618   -1.135    0.634    0.815  -14.666   31.167   17.082
  150 A    0.521 D   -1.012   -1.635    0.985    0.633  -14.714   28.174   14.697
  151 A    2.065 A   -2.658   -1.785    1.508   -0.579  -13.233   26.916   11.468
  152 A    0.001 G   -0.792   -0.830    0.748    0.051  -15.329   29.152    9.366
  153 A    0.000 Y    1.745   -1.394    1.056    2.974  -14.491   32.444   11.017
  154 A    2.490 V   -5.805   -2.094    1.998   -1.858  -10.812   31.373   10.659
  155 A    0.000 R   -3.781   -2.170    1.276   -1.262  -10.993   30.507    6.955
  156 A    0.000 T   -0.687   -0.671    0.676   -0.023  -12.576   33.837    6.255
  157 A    0.000 F   -2.191   -2.132    1.069   -0.055  -10.538   35.986    8.625
  158 A    0.000 F   -2.811   -2.451    1.071   -0.336   -7.594   34.658    6.728
  159 A    0.000 Q   -1.967   -1.822    1.076   -0.135   -8.745   35.360    3.151
  160 A    1.744 R   -2.670   -1.692    0.845   -1.157   -8.241   39.050    4.148
  161 A    2.226 L   -5.240   -3.145    1.284   -1.632   -4.445   38.325    4.575
  162 A    1.081 N   -2.990   -1.857    1.379   -0.821   -4.529   36.359    1.386
  163 A    0.009 M   -2.929   -2.525    0.983   -0.411   -3.857   33.020    2.869
  164 A    0.000 N   -1.226   -0.997    0.534   -0.430   -5.109   29.616    1.999
  165 A    2.574 D    0.685   -1.503    1.998    1.095   -5.897   26.599    4.077
  166 A    1.971 R   -1.884   -1.113    1.621   -0.476   -2.367   25.167    4.098
  167 A    0.207 E   -1.864   -2.820    1.370    0.698   -0.861   28.490    5.010
  168 A    0.510 V   -6.785   -2.708    2.346   -1.738   -3.354   28.894    7.822
  169 A    3.009 V   -6.320   -0.918    3.527   -1.532   -2.730   25.512    9.319
  170 A    2.110 A   -3.302   -2.460    1.961   -0.429    1.084   25.995    9.031
  171 A    1.166 L   -6.937   -2.369    2.711   -1.685    0.943   29.419   10.655
  172 A    0.941 M   -5.200   -2.012    3.495   -0.912   -1.056   28.041   13.527
  173 A    0.120 G   -1.424   -2.439    3.422    0.297    1.710   25.494   14.355
  174 A    0.979 A   -5.484   -2.706    3.252   -0.854    3.387   28.525   15.959
  175 A    2.969 H   -0.966   -1.119    3.436    0.044    0.942   27.697   18.760
  176 A    3.584 A   -2.525   -0.732    2.229   -0.804    3.624   25.201   19.842
  177 A    2.757 L   -6.921   -2.164    3.677   -1.294    5.340   28.224   21.500
  178 A    1.044 G   -1.719   -2.736    1.119    0.909    4.522   29.995   24.731
  179 A    1.001 K   -3.187   -2.625    1.327   -0.424    1.136   29.664   26.354
  180 A    0.191 T   -2.780   -1.851    0.921   -1.008   -1.976   31.766   27.048
  181 A    0.001 H   -2.790   -1.257    0.982   -1.561   -1.912   34.086   30.079
  182 A    2.551 L   -1.543   -1.008    0.796   -0.671   -5.384   34.723   31.721
  183 A    0.000 K   -2.039   -1.124    0.668   -1.370   -4.433   38.321   32.655
  184 A    1.934 N   -1.356   -1.860    1.057    0.477   -3.623   39.029   29.004
  185 A    0.560 S   -2.485   -2.665    1.079    0.166   -6.458   37.261   27.274
  186 A    1.159 G   -2.059   -2.635    1.746    0.330   -8.977   35.246   29.304
  187 A    4.399 Y   -2.007   -0.126    1.905   -0.987   -7.337   31.929   28.440
  188 A    1.058 E   -4.732   -2.838    2.221   -0.853   -4.659   30.121   30.397
  189 A    0.901 G   -1.362   -2.332    1.031    0.941   -2.098   27.420   29.802
  190 A    1.013 P   -0.869   -1.656    1.116    0.706    0.297   26.166   27.280
  191 A    3.848 W   -3.887   -1.333    3.459   -0.738   -0.430   24.184   24.135
  192 A    1.841 G   -0.917   -1.845    1.078    0.861    2.364   21.793   24.899
  193 A    2.045 A   -2.618   -2.813    1.025    0.191    5.402   20.741   26.832
  194 A    0.009 A   -2.435   -1.942    2.051   -0.240    8.349   22.314   24.881
  195 A    3.728 N    2.207   -0.015    2.733    0.813    7.111   25.904   24.915
  196 A    4.784 N    1.488   -1.164    3.369    0.787   10.348   27.398   23.787
  197 A    4.086 V   -4.707   -0.855    2.666   -1.445   11.616   25.007   21.100
  198 A    4.113 F   -6.466   -1.470    3.301   -1.513    9.921   24.916   17.650
  199 A    2.752 T   -1.809   -1.675    3.693   -0.036    8.515   21.546   16.613
  200 A    3.840 N    2.094   -1.316    4.173    0.817    5.167   20.130   15.420
  201 A    0.782 E    2.415   -1.651    3.681    1.105    4.005   19.320   18.887
  202 A    1.061 F   -5.727   -1.625    2.573   -1.594    0.967   21.594   18.280
  203 A    1.886 Y   -1.228   -3.731    1.979    1.265   -0.470   19.051   15.761
  204 A    0.992 L   -2.829   -0.679    1.232   -1.745    0.447   15.832   17.632
  205 A    2.725 N    1.298   -0.822    2.601    0.815   -1.183   17.253   20.743
  206 A    2.609 L   -8.953   -2.483    4.106   -1.576   -4.350   18.344   18.873
  207 A    2.839 L   -5.495   -1.520    2.524   -1.575   -4.848   14.823   17.586
  208 A    0.000 N   -0.180   -0.909    0.958    0.761   -3.369   12.570   20.324
  209 A    1.461 E   -0.595   -1.883    1.662    0.775   -4.673   14.259   23.435
  210 A    2.000 D   -2.484   -1.100    0.942   -1.469   -8.184   13.819   24.831
  211 A    2.311 W    0.482   -1.897    1.253    1.899   -9.760   17.283   24.978
  212 A    0.000 K   -2.122   -0.364    1.268   -1.387  -12.630   18.292   27.239
  213 A    0.000 L   -2.264   -0.596    1.303   -1.280  -14.122   21.749   27.014
  214 A    0.000 E    1.491    0.975    1.162    0.444  -14.252   23.649   30.255
  215 A    0.000 K   -1.994   -0.609    0.860   -1.610  -14.304   27.088   31.733
  216 A    2.443 N   -1.164   -1.450    1.455    0.197  -11.346   28.922   33.061
  217 A    0.972 D   -2.015   -2.125    0.831    0.132  -11.551   31.541   35.785
  218 A    0.998 A   -1.613   -1.460    0.732   -0.210  -11.879   34.380   33.373
  219 A    0.000 N   -1.204   -0.817    0.829   -0.467  -15.110   32.591   32.697
  220 A    1.900 N   -2.278   -2.160    1.084   -0.108  -14.281   31.560   29.133
  221 A    0.000 E    0.396   -0.372    0.922    0.833  -14.346   28.025   27.823
  222 A    1.000 Q   -0.597   -1.659    1.848    0.575  -11.390   26.175   26.524
  223 A    0.994 W   -2.099   -2.848    1.514    0.495  -10.441   22.599   25.773
  224 A    0.007 D   -1.021   -1.086    1.451    0.044   -8.120   21.080   28.406
  225 A    2.000 S   -1.028   -0.929    1.465   -0.067   -6.294   17.779   28.002
  226 A    1.000 K   -2.827   -1.475    1.177   -1.149   -5.598   15.671   31.099
  227 A    0.977 S   -1.410   -1.764    1.064    0.333   -1.926   16.244   30.508
  228 A    0.000 G   -1.379   -1.831    1.521    0.297   -2.176   19.914   31.481
  229 A    4.290 Y   -0.728    0.517    1.700   -0.732   -2.440   21.481   27.997
  230 A    1.264 M   -0.887   -2.490    1.965    0.816   -5.245   23.685   26.668
  231 A    1.516 M   -4.482   -3.223    1.835   -0.686   -6.423   24.481   23.046
  232 A    1.750 L   -4.354   -1.609    1.896   -1.448   -8.297   27.625   22.066
  233 A    2.996 P    1.860   -0.312    1.858    1.169  -11.649   27.251   20.123
  234 A    3.024 T   -0.774   -0.999    3.407    0.066   -9.874   28.472   17.032
  235 A    1.288 D    0.301   -2.361    2.644    1.007   -7.201   25.739   17.445
  236 A    1.339 Y   -1.268   -2.040    1.931    0.400   -9.649   22.948   18.099
  237 A    1.503 S   -0.959   -0.941    1.185   -0.016  -11.621   24.105   15.091
  238 A    1.915 L   -7.191   -2.280    3.074   -1.598   -8.689   22.936   13.009
  239 A    1.995 I   -8.107   -2.086    3.169   -1.900   -9.543   19.324   13.644
  240 A    0.998 Q   -0.400   -1.663    0.990    1.275  -13.333   19.730   13.325
  241 A    0.001 D   -1.897   -1.604    0.850   -0.345  -12.965   20.999    9.687
  242 A    0.000 P   -0.978   -1.175    0.768    0.257  -12.406   18.028    7.445
  243 A    0.999 K   -2.163   -1.310    0.656   -1.301  -10.139   20.093    5.342
  244 A    2.759 Y   -4.114   -1.797    3.432   -0.675   -8.004   21.636    8.079
  245 A    0.000 L   -4.256   -1.445    1.798   -1.563   -7.758   18.147    9.636
  246 A    0.000 S   -0.529   -0.750    0.552    0.399   -5.925   16.537    6.753
  247 A    1.856 I   -4.085   -1.336    1.114   -2.467   -3.284   19.306    6.796
  248 A    3.725 V  -10.438   -1.882    6.266   -1.366   -3.038   18.851   10.533
  249 A    0.096 K    1.600   -0.806    1.881    1.279   -2.338   15.139    9.989
  250 A    0.000 E    0.200   -0.679    1.092    0.805    0.207   15.750    7.297
  251 A    1.825 Y    0.174   -3.012    1.344    2.371    2.131   18.024    9.634
  252 A    2.942 A   -3.693   -0.602    2.725   -1.134    1.938   15.758   12.724
  253 A    0.000 N    0.177   -0.018    0.794    0.246    3.612   13.184   10.566
  254 A    0.000 D    0.839    0.005    0.589    1.416    6.212   15.241    8.807
  255 A    1.641 Q    0.454   -0.734    1.393    0.853    8.067   18.063   10.530
  256 A    0.000 D   -0.166   -0.411    0.437    0.561   10.185   18.944    7.526
  257 A    0.000 K   -0.460   -0.145    0.579   -0.544    7.057   19.720    5.574
  258 A    1.579 F   -2.889   -2.085    1.486   -0.541    5.614   21.790    8.370
  259 A    0.752 F   -1.467   -1.382    1.079   -0.079    8.995   23.427    8.633
  260 A    0.002 K    1.054    0.048    0.707    1.422    8.925   24.234    4.922
  261 A    0.979 D   -1.190   -1.557    1.657    0.221    5.333   25.493    4.815
  262 A    1.446 F   -7.005   -3.068    3.124   -1.260    5.704   27.559    7.915
  263 A    1.816 S   -0.112   -1.057    1.245    0.758    8.759   29.417    6.618
  264 A    0.000 K   -1.640   -0.672    1.047   -0.924    7.054   30.155    3.318
  265 A    2.091 A   -3.698   -1.477    2.090   -1.063    3.984   31.399    5.137
  266 A    1.074 F   -7.039   -3.314    2.807   -1.327    5.640   33.288    7.943
  267 A    2.001 E    0.171   -0.909    1.722    0.627    7.655   35.251    5.489
  268 A    0.017 K   -1.308   -1.370    1.007    0.062    4.676   35.799    3.257
  269 A    1.231 L   -4.756   -2.254    1.659   -1.508    2.971   37.154    6.321
  270 A    2.967 L   -5.936   -1.303    3.354   -1.381    5.723   39.636    7.048
  271 A    0.834 E   -1.088   -1.388    1.038    0.289    6.150   40.990    3.581
  272 A    2.822 N    0.524   -1.295    2.488    0.731    2.411   41.486    2.750
  273 A    4.766 G   -0.946   -0.425    1.800   -0.289    1.602   44.877    1.319
  274 A    3.007 I   -5.046   -1.012    2.874   -1.404    5.090   45.845    0.429
  275 A    3.231 T   -1.102   -1.025    1.749   -0.044    6.409   46.374   -3.010
  276 A    1.039 F   -2.826   -3.010    1.154    0.159   10.095   45.585   -3.536
  277 A    0.995 P    0.164   -1.151    1.196    1.100   11.623   47.387   -6.561
  278 A    0.000 K   -0.285   -0.633    0.273    1.276   13.438   45.000   -8.955
  279 A    0.000 D   -0.178   -0.471    0.431    0.679   16.711   46.486   -7.704
  280 A    1.579 A   -2.848   -2.384    1.169   -0.397   16.326   45.414   -4.012
  281 A    0.034 P   -2.423   -2.217    0.923   -0.224   18.584   42.700   -2.599
  282 A    0.000 S   -1.356   -1.317    0.453   -0.086   17.483   39.049   -2.514
  283 A    1.971 P   -2.074   -2.288    1.053    0.203   16.008   38.078    0.890
  284 A    3.012 F   -6.077   -1.649    2.965   -1.493   18.621   37.393    3.573
  285 A    1.998 I   -1.911   -0.757    0.849   -1.359   19.206   34.134    5.505
  286 A    1.922 F   -5.714   -3.229    1.947   -1.277   20.812   34.959    8.903
  287 A    0.319 K   -2.457   -1.817    1.021   -0.627   23.094   32.647   10.846
  288 A    1.989 T   -2.926   -0.521    1.271   -1.893   22.270   31.520   14.359
  289 A    1.566 L   -2.924   -2.161    1.253   -0.609   24.418   32.002   17.455
  290 A    0.000 E   -4.104   -1.810    1.493   -1.536   25.037   28.249   17.239
  291 A    0.000 E   -1.219   -1.096    0.454   -0.272   26.247   28.507   13.686
  292 A    0.000 Q   -1.049   -1.008    0.877   -0.046   28.599   31.312   14.906
  293 A    0.000 G   -0.810   -1.167    0.684    0.521   30.301   29.312   17.678
  294 A    0.000 L   -1.284   -1.916    1.439    0.439   28.026   30.716   20.387
    1 B    1.412 T   -1.415   -1.270    0.267   -0.543   34.843   18.378   40.856
    2 B    0.996 T   -0.942   -1.146    0.376    0.541   35.456   20.122   37.498
    3 B    3.326 P   -2.109   -0.555    1.139   -1.364   31.701   20.919   37.789
    4 B    0.999 L   -1.235   -1.288    0.898    0.059   31.290   23.055   40.988
    5 B    1.974 V   -2.675   -1.547    1.312   -0.860   28.091   22.489   43.049
    7 B    2.284 V   -0.407   -0.756    2.452    0.142   25.409   25.009   43.997
    8 B    1.025 A   -1.375   -2.829    2.469    0.589   22.129   25.989   45.527
    9 B    2.799 S   -4.627   -1.386    2.619   -1.238   19.566   23.217   45.535
   10 B    0.000 V   -1.061   -1.478    0.951    0.439   16.542   25.482   46.247
   11 B    0.097 E    0.740   -1.742    2.025    1.226   17.379   27.311   43.044
   12 B    1.176 K   -1.450   -0.979    0.646   -0.728   18.045   24.098   41.047
   13 B    0.991 G   -0.320   -0.740    0.695    0.604   14.578   23.107   42.349
   14 B    0.000 R   -1.184   -1.087    1.463   -0.067   12.645   25.922   40.721
   15 B    2.888 S   -1.695   -0.612    1.501   -0.721   14.705   25.553   37.535
   16 B    2.003 Y   -3.295   -1.630    1.153   -1.445   13.670   21.928   37.420
   17 B    0.000 E    0.180   -0.198    0.644    0.588   10.067   22.642   38.282
   18 B    1.293 D   -1.021   -0.956    1.587   -0.041   10.133   25.427   35.620
   19 B    1.000 F   -4.243   -2.898    2.079   -0.647   12.235   23.757   32.854
   20 B    0.000 Q   -5.544   -0.390    1.970   -2.616   12.047   19.943   33.197
   21 B    0.000 K   -1.201    0.020    1.084   -1.125    8.967   19.088   35.138
   22 B    0.046 V   -1.017   -3.063    3.131    0.653    6.621   19.405   32.214
   23 B    1.001 Y   -8.064   -2.510    3.173   -1.750    8.415   16.282   30.958
   24 B    0.990 N   -1.690   -2.112    2.315    0.182   10.015   14.508   33.884
   25 B    0.072 A   -1.223   -0.849    2.451   -0.153    9.504   13.141   37.353
   26 B    2.289 I   -9.345   -2.314    4.291   -1.639   12.279   12.409   39.855
   27 B    0.000 A   -0.493   -2.049    2.622    0.593   10.353   10.582   42.617
   28 B    0.000 L    2.700    0.157    1.727    1.473   10.912    6.832   42.894
   29 B    0.000 K   -0.520   -0.884    2.312    0.157    8.397    4.762   40.931
   30 B    0.000 L   -1.074   -1.205    2.608    0.051    7.479    8.183   39.498
   31 B    0.000 R    0.367   -1.078    0.975    1.482    5.728    7.881   36.127
   32 B    0.689 E   -1.519   -0.739    0.714   -1.093    7.435    8.419   32.791
   33 B    0.000 D   -0.457   -0.002    0.608   -0.749    5.943   11.458   30.995
   34 B    1.000 D   -2.920   -1.759    1.425   -0.815    7.302   12.789   27.687
   35 B    0.029 E   -1.010   -1.081    1.176    0.060   10.536   11.990   29.402
   36 B    0.298 Y   -0.500   -1.118    1.388    0.445   11.654    9.123   31.554
   37 B    0.006 D   -1.512   -1.477    1.083   -0.033   11.351    9.091   35.304
   38 B    2.056 N   -2.529   -1.722    1.141   -0.707   14.783   10.398   36.326
   39 B    1.997 Y   -0.604   -0.083    1.043   -0.500   15.055    8.447   39.581
   40 B    0.955 I   -2.421   -0.541    1.372   -1.371   18.435    6.917   40.114
   41 B    1.965 G   -4.783   -1.562    1.633   -1.973   19.661    8.638   36.973
   42 B    2.257 Y   -5.885   -2.664    2.880   -1.118   23.203    9.225   38.276
   43 B    2.028 G   -1.640   -1.825    4.112    0.045   25.212    6.042   38.235
   44 B    1.000 P   -0.805   -1.639    2.478    0.336   23.046    4.526   35.468
   45 B    2.016 V   -0.245   -0.970    3.620    0.200   23.758    4.313   31.752
   46 B    3.949 L    0.638   -1.938    5.986    0.430   21.835    6.530   29.337
   47 B    0.000 V   -0.997   -1.944    5.488    0.173   18.776    4.725   28.019
   48 B    0.000 R    1.489   -1.791    3.855    0.851   18.084    2.325   30.851
   49 B    0.009 L   -5.922   -1.643    4.850   -0.882   14.904    3.584   32.613
   50 B    0.000 A    1.936   -2.579    4.229    1.068   12.378    0.750   32.450
   51 B    0.001 W   -0.337   -1.524    3.276    0.362    9.252    0.669   30.365
   52 B    0.984 H   -2.506   -1.819    3.333   -0.206   10.082    3.904   28.624
   53 B    0.000 I   -1.440   -2.159    2.304    0.312   10.788    3.961   24.888
   54 B    0.000 S   -3.088   -1.889    3.635   -0.330   14.050    5.732   24.017
   55 B    2.984 G   -0.300   -0.574    3.066    0.090   15.262    6.808   20.579
   56 B    0.000 T   -0.782   -2.067    1.576    0.816   17.985    4.308   19.539
   57 B    2.411 W   -1.273   -1.080    1.403   -0.138   20.244    7.355   19.816
   58 B    2.000 D   -1.914   -0.788    0.863   -1.306   19.760    7.662   23.551
   59 B    0.000 K   -0.020   -0.658    1.012    0.631   20.487    3.942   23.946
   60 B    0.000 H   -1.608   -0.148    1.465   -0.996   23.426    3.681   21.606
   61 B    1.995 D    0.233   -0.178    0.653    0.629   25.325    6.497   23.323
   62 B    1.990 N   -1.247   -2.165    1.150    0.798   25.443    4.535   26.532
   63 B    1.019 T   -0.456   -1.115    1.534    0.429   27.259    6.961   28.841
   64 B    2.004 G   -3.914   -2.699    1.358   -0.895   27.216    6.680   32.615
   65 B    4.950 G   -2.239   -0.376    2.694   -0.692   25.380    9.647   33.979
   66 B    0.110 S    1.148   -2.070    3.025    1.063   27.861   11.492   36.160
   67 B    2.995 Y    2.042   -0.591    2.552    1.032   27.409   15.131   37.131
   68 B    2.551 G   -0.390   -0.916    1.142    0.460   30.046   15.951   34.454
   69 B    0.000 G   -0.445   -1.878    1.840    0.779   28.835   14.322   31.231
   70 B    0.880 T   -3.261   -2.316    1.443   -0.656   25.376   15.354   32.468
   71 B    2.955 Y    0.549   -0.879    3.312    0.431   26.312   19.048   32.389
   72 B    0.000 R   -0.012   -2.011    1.642    1.218   27.640   18.869   28.835
   73 B    0.000 F    2.192    1.175    0.920    1.105   24.347   17.282   27.935
   74 B    2.997 K   -0.754    0.027    1.112   -0.702   22.070   19.979   29.453
   75 B    1.492 K   -1.728   -1.172    1.086   -0.512   24.047   22.708   27.722
   76 B    1.000 E   -1.492   -1.726    1.540    0.152   22.871   21.232   24.417
   77 B    0.871 F   -0.711   -1.378    0.947    0.705   20.998   17.977   24.254
   78 B    0.000 N   -1.658   -0.922    1.114   -0.661   21.142   17.578   20.450
   79 B    0.000 D    0.073   -0.388    0.823    0.560   24.839   18.245   20.160
   80 B    0.000 P    1.953   -0.771    0.967    2.818   25.472   15.675   22.869
   81 B    2.996 S    0.298    0.196    0.992    0.103   23.138   12.927   21.640
   82 B    0.296 N   -1.346   -2.640    1.936    0.668   22.208   13.865   18.112
   83 B    1.110 A   -1.765   -1.213    1.179   -0.469   18.893   12.350   17.183
   84 B    2.989 G   -0.403   -0.453    2.007    0.025   17.786   12.530   20.786
   85 B    0.999 L    2.286   -1.347    2.702    1.345   14.091   13.547   20.839
   86 B    0.024 Q   -1.818   -0.462    1.409   -0.962   14.271   15.570   24.074
   87 B    1.998 N   -2.119   -0.364    2.439   -0.720   13.042   19.014   23.004
   88 B    0.102 G   -5.624   -1.261    3.916   -1.114   15.076   21.336   25.200
   89 B    1.007 F   -1.164   -1.404    1.624    0.147   17.262   24.294   24.097
   90 B    3.861 K   -0.116    0.102    1.732   -0.126   19.782   23.828   26.929
   91 B    1.487 F   -6.375   -2.899    1.942   -1.790   21.088   25.642   29.902
   92 B    1.005 L    1.093   -2.312    3.364    1.012   23.653   28.170   28.808
   93 B    0.000 E    2.464   -0.423    1.412    2.045   24.388   29.143   32.418
   94 B    0.000 P   -1.839   -0.982    0.672   -1.276   26.876   27.331   34.598
   95 B    0.000 I    1.682   -1.477    2.659    1.188   25.164   28.392   37.833
   96 B    0.960 H    1.953   -1.398    2.423    1.383   21.897   27.080   36.420
   97 B    1.996 K    0.466    0.215    0.718    0.349   23.682   23.892   35.521
   98 B    3.099 E    1.470   -0.617    2.291    0.911   25.259   23.768   38.971
   99 B    3.101 F    4.027   -0.346    3.340    1.309   22.092   24.722   40.743
  100 B    2.306 P   -2.479   -1.098    0.909   -1.520   20.105   22.180   38.796
  101 B    2.930 W   -1.417    0.066    1.451   -1.022   22.470   19.280   38.931
  102 B    3.126 I   -0.854   -0.809    3.419   -0.013   22.949   19.727   42.652
  103 B    2.885 S   -3.110   -0.673    2.640   -0.923   19.175   19.636   43.005
  104 B    0.009 S   -3.028   -0.768    1.678   -1.347   18.976   16.519   40.908
  105 B    0.325 G    2.449   -1.364    2.466    1.547   21.882   14.946   42.617
  106 B    1.000 D    2.473   -2.747    3.579    1.458   19.725   15.115   45.735
  107 B    0.291 L   -4.500   -1.344    3.357   -0.940   16.247   14.535   44.225
  108 B    5.903 F  -12.247   -1.316    5.113   -2.138   17.089   11.398   42.222
  109 B    0.002 S    2.134   -2.271    3.649    1.207   18.861    9.552   45.064
