    1     3 A A    0.004    2.571 S S   -1.463   -2.617    1.758    0.656  -10.028   -9.538   22.229  -13.366   -5.095   22.843
    1     4 A A    0.004    0.000 S S   -0.885   -1.173    1.477    0.195  -10.028   -9.538   22.229  -11.428   -5.660   26.066
    1     5 A A    0.004    1.521 S R   -1.348   -3.171    2.598    0.702  -10.028   -9.538   22.229   -8.264   -4.075   24.581
    1     6 A A    0.004    2.037 S V   -5.454   -2.383    2.260   -1.359  -10.028   -9.538   22.229  -10.186   -0.999   23.381
    1    37 A A    0.004    0.118 S G   -1.920   -2.588    0.901    0.741  -10.028   -9.538   22.229  -17.929   -7.668   20.843
    1    40 A A    0.004    0.984 S K   -1.563   -3.415    1.135    1.632  -10.028   -9.538   22.229  -14.566   -7.099   15.213
    1    59 A A    0.004    2.051 S L  -10.264   -5.051    3.831   -1.361  -10.028   -9.538   22.229   -5.691   -4.270   18.794
    1    60 A A    0.004    0.995 S L   -5.700   -4.043    1.550   -1.069  -10.028   -9.538   22.229   -6.615   -7.269   16.659
    1    62 A A    0.004    0.520 S G   -2.794   -3.447    1.258    0.518  -10.028   -9.538   22.229   -2.881   -8.759   21.289
    2     4 A A    3.006    0.000 I S   -4.008    0.826    3.386   -1.428  -10.398   -6.112   20.640  -11.428   -5.660   26.066
    2     5 A A    3.006    1.521 I R   -5.041   -2.057    3.791   -0.787  -10.398   -6.112   20.640   -8.264   -4.075   24.581
    2     6 A A    3.006    2.037 I V   -7.823   -0.657    3.230   -2.219  -10.398   -6.112   20.640  -10.186   -0.999   23.381
    2    34 A A    3.006    1.998 I L   -6.693   -1.511    3.033   -1.708  -10.398   -6.112   20.640  -17.022   -2.831   19.384
    2    35 A A    3.006    2.987 I E   -2.281    0.086    3.882   -0.610  -10.398   -6.112   20.640  -16.796   -2.867   23.205
    2    37 A A    3.006    0.118 I G   -5.359   -1.330    3.288   -1.225  -10.398   -6.112   20.640  -17.929   -7.668   20.843
    2    39 A A    3.006    0.000 I T   -4.548    0.088    3.267   -1.419  -10.398   -6.112   20.640  -18.099   -5.724   15.541
    2    40 A A    3.006    0.984 I K   -5.841   -2.729    3.418   -0.910  -10.398   -6.112   20.640  -14.566   -7.099   15.213
    2    41 A A    3.006    0.000 I R   -4.117   -0.486    3.237   -1.122  -10.398   -6.112   20.640  -13.396   -5.377   12.021
    2    42 A A    3.006    0.000 I P   -3.524   -1.690    4.057   -0.452  -10.398   -6.112   20.640  -14.698   -1.805   11.829
    2    45 A A    3.006    0.040 I L   -8.159   -1.021    3.562   -2.004  -10.398   -6.112   20.640   -9.300    0.452   12.522
    2    48 A A    3.006    1.003 I L  -14.029   -4.231    5.054   -1.939  -10.398   -6.112   20.640   -8.884    3.652   16.278
    2    59 A A    3.006    2.051 I L  -12.684   -3.284    4.339   -2.166  -10.398   -6.112   20.640   -5.691   -4.270   18.794
    2    60 A A    3.006    0.995 I L   -8.260   -2.282    2.949   -2.027  -10.398   -6.112   20.640   -6.615   -7.269   16.659
    2    61 A A    3.006    0.000 I N   -3.944   -0.880    3.603   -0.850  -10.398   -6.112   20.640   -4.192   -9.951   17.901
    2    62 A A    3.006    0.520 I G   -6.234   -2.073    3.271   -1.272  -10.398   -6.112   20.640   -2.881   -8.759   21.289
    3     5 A A    2.571    1.521 S R   -0.196   -2.540    2.843    0.825  -13.366   -5.095   22.843   -8.264   -4.075   24.581
    3     6 A A    2.571    2.037 S V   -4.533   -1.659    2.589   -1.110  -13.366   -5.095   22.843  -10.186   -0.999   23.381
    3     7 A A    2.571    0.999 S K    0.300   -2.154    1.785    1.375  -13.366   -5.095   22.843  -11.909   -0.521   26.747
    3    33 A A    2.571    0.000 S Q    0.072   -0.813    1.612    0.549  -13.366   -5.095   22.843  -20.806   -2.392   19.522
    3    34 A A    2.571    1.998 S L   -3.511   -2.488    1.815   -0.564  -13.366   -5.095   22.843  -17.022   -2.831   19.384
    3    35 A A    2.571    2.987 S E    2.036   -1.101    3.225    0.973  -13.366   -5.095   22.843  -16.796   -2.867   23.205
    3    36 A A    2.571    0.487 S N    0.436   -0.198    1.618    0.392  -13.366   -5.095   22.843  -19.650   -5.419   23.423
    3    37 A A    2.571    0.118 S G   -0.790   -1.924    1.331    0.851  -13.366   -5.095   22.843  -17.929   -7.668   20.843
    3    38 A A    2.571    0.000 S K   -0.474   -1.321    1.461    0.580  -13.366   -5.095   22.843  -20.576   -7.067   18.122
    3    39 A A    2.571    0.000 S T   -0.035   -0.351    1.659    0.191  -13.366   -5.095   22.843  -18.099   -5.724   15.541
    3    40 A A    2.571    0.984 S K   -0.440   -2.639    1.563    1.406  -13.366   -5.095   22.843  -14.566   -7.099   15.213
    4     6 A A    0.000    2.037 S V   -3.604   -0.020    2.371   -1.511  -11.428   -5.660   26.066  -10.186   -0.999   23.381
    4     7 A A    0.000    0.999 S K    0.572   -1.020    1.463    1.088  -11.428   -5.660   26.066  -11.909   -0.521   26.747
    4     8 A A    0.000    0.000 S S    1.316    0.812    1.804    0.280  -11.428   -5.660   26.066   -8.621   -0.998   28.604
    4    35 A A    0.000    2.987 S E    2.905    0.581    2.801    0.830  -11.428   -5.660   26.066  -16.796   -2.867   23.205
    4    37 A A    0.000    0.118 S G   -0.074   -0.355    1.158    0.243  -11.428   -5.660   26.066  -17.929   -7.668   20.843
    5     7 A A    1.521    0.999 R K    0.782   -2.610    2.809    1.208   -8.264   -4.075   24.581  -11.909   -0.521   26.747
    5     8 A A    1.521    0.000 R S    0.206   -2.027    2.986    0.748   -8.264   -4.075   24.581   -8.621   -0.998   28.604
    5     9 A A    1.521    1.034 R K    1.986   -3.909    3.776    1.561   -8.264   -4.075   24.581   -6.756    1.611   26.546
    5    52 A A    1.521    0.687 R L   -8.660   -5.666    3.854   -0.777   -8.264   -4.075   24.581   -5.558    4.848   21.391
    5    54 A A    1.521    0.967 R V   -6.228   -3.577    3.479   -0.762   -8.264   -4.075   24.581   -1.452    1.667   19.683
    5    58 A A    1.521    0.002 R W   -2.856   -3.793    2.430    0.386   -8.264   -4.075   24.581   -1.948   -5.122   18.909
    5    59 A A    1.521    2.051 R L   -9.698   -5.587    4.323   -0.951   -8.264   -4.075   24.581   -5.691   -4.270   18.794
    5    60 A A    1.521    0.995 R L   -5.067   -4.497    2.771   -0.206   -8.264   -4.075   24.581   -6.615   -7.269   16.659
    5    62 A A    1.521    0.520 R G   -1.986   -4.172    2.768    0.790   -8.264   -4.075   24.581   -2.881   -8.759   21.289
    6     8 A A    2.037    0.000 V S   -3.255   -0.266    2.481   -1.205  -10.186   -0.999   23.381   -8.621   -0.998   28.604
    6     9 A A    2.037    1.034 V K   -2.161   -3.121    3.304    0.291  -10.186   -0.999   23.381   -6.756    1.611   26.546
    6    10 A A    2.037    0.545 V R   -6.521   -3.737    2.871   -0.970  -10.186   -0.999   23.381   -9.472    4.249   26.488
    6    20 A A    2.037    0.778 V L   -9.931   -3.141    3.329   -2.039  -10.186   -0.999   23.381  -13.401    8.104   21.752
    6    31 A A    2.037    0.419 V I   -8.509   -3.037    2.481   -2.206  -10.186   -0.999   23.381  -17.984    2.292   19.859
    6    34 A A    2.037    1.998 V L   -6.404   -2.323    2.106   -1.938  -10.186   -0.999   23.381  -17.022   -2.831   19.384
    6    35 A A    2.037    2.987 V E   -2.239   -0.726    3.330   -0.454  -10.186   -0.999   23.381  -16.796   -2.867   23.205
    6    48 A A    2.037    1.003 V L  -14.280   -5.326    4.858   -1.843  -10.186   -0.999   23.381   -8.884    3.652   16.278
    6    52 A A    2.037    0.687 V L  -12.061   -4.744    3.459   -2.115  -10.186   -0.999   23.381   -5.558    4.848   21.391
    6    54 A A    2.037    0.967 V V   -9.441   -2.894    3.067   -2.134  -10.186   -0.999   23.381   -1.452    1.667   19.683
    6    59 A A    2.037    2.051 V L  -12.910   -4.331    4.060   -2.113  -10.186   -0.999   23.381   -5.691   -4.270   18.794
    7     9 A A    0.999    1.034 K K    3.733   -2.646    3.034    2.103  -11.909   -0.521   26.747   -6.756    1.611   26.546
    7    10 A A    0.999    0.545 K R   -1.987   -4.166    2.517    0.866  -11.909   -0.521   26.747   -9.472    4.249   26.488
    7    11 A A    0.999    0.000 K I   -0.007   -1.225    1.145    1.064  -11.909   -0.521   26.747   -9.636    4.024   30.314
    7    17 A A    0.999    1.351 K Q    0.072   -2.743    1.653    1.702  -11.909   -0.521   26.747  -17.058    6.190   24.785
    7    34 A A    0.999    1.998 K L   -2.409   -2.553    1.558    0.093  -11.909   -0.521   26.747  -17.022   -2.831   19.384
    7    35 A A    0.999    2.987 K E    3.287   -1.690    2.920    1.704  -11.909   -0.521   26.747  -16.796   -2.867   23.205
    8    10 A A    0.000    0.545 S R   -0.988   -2.021    2.474    0.417   -8.621   -0.998   28.604   -9.472    4.249   26.488
    8    11 A A    0.000    0.000 S I    0.454    0.532    1.470   -0.053   -8.621   -0.998   28.604   -9.636    4.024   30.314
    8    12 A A    0.000    0.000 S Q    1.036   -0.639    1.910    0.877   -8.621   -0.998   28.604   -5.870    4.408   30.637
    8    52 A A    0.000    0.687 S L   -7.135   -3.354    3.281   -1.152   -8.621   -0.998   28.604   -5.558    4.848   21.391
    9    11 A A    1.034    0.000 K I    2.832   -1.465    2.712    1.585   -6.756    1.611   26.546   -9.636    4.024   30.314
    9    12 A A    1.034    0.000 K Q    2.267   -3.587    3.335    1.755   -6.756    1.611   26.546   -5.870    4.408   30.637
    9    13 A A    1.034    0.032 K L    0.294   -2.716    2.704    1.114   -6.756    1.611   26.546   -6.141    7.537   28.469
    9    15 A A    1.034    0.000 K L   -0.226   -3.528    2.898    1.140   -6.756    1.611   26.546  -11.617    8.633   27.594
    9    20 A A    1.034    0.778 K L   -3.394   -3.832    3.926    0.111   -6.756    1.611   26.546  -13.401    8.104   21.752
    9    51 A A    1.034    1.853 K A   -2.216   -4.837    3.689    0.711   -6.756    1.611   26.546   -6.564    7.590   18.896
    9    52 A A    1.034    0.687 K L   -5.660   -5.901    4.065    0.059   -6.756    1.611   26.546   -5.558    4.848   21.391
    9    53 A A    1.034    0.000 K G    2.140   -3.148    3.212    1.646   -6.756    1.611   26.546   -1.827    5.299   20.738
    9    54 A A    1.034    0.967 K V   -3.938   -4.021    3.763    0.022   -6.756    1.611   26.546   -1.452    1.667   19.683
    9    58 A A    1.034    0.002 K W   -0.391   -3.790    2.674    1.271   -6.756    1.611   26.546   -1.948   -5.122   18.909
    9    59 A A    1.034    2.051 K L   -6.379   -5.031    4.649   -0.290   -6.756    1.611   26.546   -5.691   -4.270   18.794
   10    12 A A    0.545    0.000 R Q   -1.653   -3.196    2.533    0.609   -9.472    4.249   26.488   -5.870    4.408   30.637
   10    13 A A    0.545    0.032 R L   -4.145   -3.170    2.123   -0.459   -9.472    4.249   26.488   -6.141    7.537   28.469
   10    14 A A    0.545    0.000 R G   -2.718   -4.377    2.462    0.674   -9.472    4.249   26.488   -9.099    8.870   30.471
   10    15 A A    0.545    0.000 R L   -5.138   -4.564    2.310   -0.248   -9.472    4.249   26.488  -11.617    8.633   27.594
   10    16 A A    0.545    0.000 R N   -1.744   -3.283    2.670    0.576   -9.472    4.249   26.488  -15.306    7.725   27.837
   10    17 A A    0.545    1.351 R Q   -2.787   -4.344    2.697    0.577   -9.472    4.249   26.488  -17.058    6.190   24.785
   10    19 A A    0.545    0.000 R E   -1.848   -3.175    2.619    0.506   -9.472    4.249   26.488  -14.912   11.072   23.580
   10    20 A A    0.545    0.778 R L   -8.547   -4.825    3.357   -1.109   -9.472    4.249   26.488  -13.401    8.104   21.752
   10    23 A A    0.545    0.076 R K   -3.701   -4.548    2.598    0.326   -9.472    4.249   26.488  -11.711   11.296   18.219
   10    31 A A    0.545    0.419 R I   -7.155   -4.889    2.712   -0.835   -9.472    4.249   26.488  -17.984    2.292   19.859
   10    35 A A    0.545    2.987 R E    0.216   -2.906    3.385    0.922   -9.472    4.249   26.488  -16.796   -2.867   23.205
   10    51 A A    0.545    1.853 R A   -7.137   -5.214    3.290   -0.585   -9.472    4.249   26.488   -6.564    7.590   18.896
   10    52 A A    0.545    0.687 R L  -10.615   -6.592    3.652   -1.102   -9.472    4.249   26.488   -5.558    4.848   21.391
   11    13 A A    0.000    0.032 I L   -1.346   -0.124    1.284   -0.952   -9.636    4.024   30.314   -6.141    7.537   28.469
   11    14 A A    0.000    0.000 I G   -0.758   -1.678    1.241    0.742   -9.636    4.024   30.314   -9.099    8.870   30.471
   11    15 A A    0.000    0.000 I L   -2.588   -1.475    1.185   -0.940   -9.636    4.024   30.314  -11.617    8.633   27.594
   11    16 A A    0.000    0.000 I N    0.030   -0.739    1.538    0.500   -9.636    4.024   30.314  -15.306    7.725   27.837
   12    14 A A    0.000    0.000 Q G   -0.570   -2.900    1.899    1.227   -5.870    4.408   30.637   -9.099    8.870   30.471
   12    15 A A    0.000    0.000 Q L   -2.820   -2.568    1.613   -0.156   -5.870    4.408   30.637  -11.617    8.633   27.594
   12    52 A A    0.000    0.687 Q L   -8.143   -4.827    3.428   -0.967   -5.870    4.408   30.637   -5.558    4.848   21.391
   13    15 A A    0.032    0.000 L L   -3.687   -1.986    1.195   -1.424   -6.141    7.537   28.469  -11.617    8.633   27.594
   13    19 A A    0.032    0.000 L E   -2.209   -1.250    1.707   -0.562   -6.141    7.537   28.469  -14.912   11.072   23.580
   13    20 A A    0.032    0.778 L L   -7.456   -2.686    2.960   -1.612   -6.141    7.537   28.469  -13.401    8.104   21.752
   13    51 A A    0.032    1.853 L A   -6.390   -3.321    2.488   -1.234   -6.141    7.537   28.469   -6.564    7.590   18.896
   13    52 A A    0.032    0.687 L L   -9.591   -4.316    3.037   -1.737   -6.141    7.537   28.469   -5.558    4.848   21.391
   13    53 A A    0.032    0.000 L G   -2.316   -1.850    1.809   -0.258   -6.141    7.537   28.469   -1.827    5.299   20.738
   14    16 A A    0.000    0.000 G N   -0.876   -2.917    1.911    1.067   -9.099    8.870   30.471  -15.306    7.725   27.837
   14    19 A A    0.000    0.000 G E   -1.321   -2.664    1.823    0.736   -9.099    8.870   30.471  -14.912   11.072   23.580
   14    20 A A    0.000    0.778 G L   -6.774   -4.098    2.982   -0.897   -9.099    8.870   30.471  -13.401    8.104   21.752
   15    17 A A    0.000    1.351 L Q   -3.955   -3.433    1.570   -0.333  -11.617    8.633   27.594  -17.058    6.190   24.785
   15    18 A A    0.000    0.000 L A   -3.329   -1.917    1.167   -1.210  -11.617    8.633   27.594  -18.392    9.532   23.539
   15    19 A A    0.000    0.000 L E   -3.722   -2.781    1.561   -0.603  -11.617    8.633   27.594  -14.912   11.072   23.580
   15    20 A A    0.000    0.778 L L   -8.152   -3.849    2.557   -1.683  -11.617    8.633   27.594  -13.401    8.104   21.752
   15    21 A A    0.000    0.000 L A   -6.118   -3.357    2.233   -1.237  -11.617    8.633   27.594  -16.199    8.256   19.125
   15    23 A A    0.000    0.076 L K   -4.808   -3.652    1.613   -0.716  -11.617    8.633   27.594  -11.711   11.296   18.219
   15    51 A A    0.000    1.853 L A   -7.632   -4.566    2.414   -1.270  -11.617    8.633   27.594   -6.564    7.590   18.896
   15    52 A A    0.000    0.687 L L  -10.853   -5.606    2.990   -1.755  -11.617    8.633   27.594   -5.558    4.848   21.391
   16    18 A A    0.000    0.000 N A   -1.096   -1.357    1.612    0.162  -15.306    7.725   27.837  -18.392    9.532   23.539
   16    19 A A    0.000    0.000 N E   -1.390   -2.827    2.320    0.620  -15.306    7.725   27.837  -14.912   11.072   23.580
   16    20 A A    0.000    0.778 N L   -6.124   -3.245    3.206   -0.898  -15.306    7.725   27.837  -13.401    8.104   21.752
   16    21 A A    0.000    0.000 N A   -3.504   -2.720    2.586   -0.303  -15.306    7.725   27.837  -16.199    8.256   19.125
   16    31 A A    0.000    0.419 N I   -5.084   -3.399    2.196   -0.767  -15.306    7.725   27.837  -17.984    2.292   19.859
   17    19 A A    1.351    0.000 Q E   -1.072   -2.582    1.890    0.800  -17.058    6.190   24.785  -14.912   11.072   23.580
   17    20 A A    1.351    0.778 Q L   -7.441   -4.172    3.080   -1.061  -17.058    6.190   24.785  -13.401    8.104   21.752
   17    21 A A    1.351    0.000 Q A   -4.578   -3.403    2.469   -0.476  -17.058    6.190   24.785  -16.199    8.256   19.125
   17    28 A A    1.351    0.000 Q Q   -1.200   -3.071    2.390    0.783  -17.058    6.190   24.785  -21.349    6.461   19.921
   17    29 A A    1.351    0.000 Q Q   -0.482   -1.595    1.501    0.741  -17.058    6.190   24.785  -23.188    3.240   18.947
   17    30 A A    1.351    0.000 Q S   -1.486   -3.408    1.872    1.027  -17.058    6.190   24.785  -20.250    1.992   16.811
   17    31 A A    1.351    0.419 Q I   -6.250   -4.220    1.993   -1.019  -17.058    6.190   24.785  -17.984    2.292   19.859
   17    32 A A    1.351    0.922 Q E   -0.421   -2.672    1.715    1.312  -17.058    6.190   24.785  -20.517    0.454   22.024
   17    34 A A    1.351    1.998 Q L   -4.147   -3.522    1.736   -0.360  -17.058    6.190   24.785  -17.022   -2.831   19.384
   17    35 A A    1.351    2.987 Q E    1.315   -1.883    2.866    1.116  -17.058    6.190   24.785  -16.796   -2.867   23.205
   18    20 A A    0.000    0.778 A L   -6.497   -2.400    2.792   -1.467  -18.392    9.532   23.539  -13.401    8.104   21.752
   18    21 A A    0.000    0.000 A A   -3.230   -1.274    1.899   -1.030  -18.392    9.532   23.539  -16.199    8.256   19.125
   18    22 A A    0.000    0.000 A Q   -0.288   -0.508    1.243    0.177  -18.392    9.532   23.539  -15.494   11.953   18.392
   18    28 A A    0.000    0.000 A Q   -0.772   -1.043    1.770    0.154  -18.392    9.532   23.539  -21.349    6.461   19.921
   18    31 A A    0.000    0.419 A I   -5.468   -2.312    1.745   -1.809  -18.392    9.532   23.539  -17.984    2.292   19.859
   19    21 A A    0.000    0.000 E A   -4.028   -2.350    2.468   -0.680  -14.912   11.072   23.580  -16.199    8.256   19.125
   19    22 A A    0.000    0.000 E Q   -0.619   -1.977    1.934    0.702  -14.912   11.072   23.580  -15.494   11.953   18.392
   19    23 A A    0.000    0.076 E K   -2.150   -3.749    1.977    0.809  -14.912   11.072   23.580  -11.711   11.296   18.219
   19    31 A A    0.000    0.419 E I   -5.504   -3.070    2.120   -1.148  -14.912   11.072   23.580  -17.984    2.292   19.859
   19    51 A A    0.000    1.853 E A   -5.650   -3.795    2.737   -0.678  -14.912   11.072   23.580   -6.564    7.590   18.896
   20    22 A A    0.778    0.000 L Q   -5.598   -2.638    3.113   -0.951  -13.401    8.104   21.752  -15.494   11.953   18.392
   20    23 A A    0.778    0.076 L K   -8.706   -4.806    3.071   -1.270  -13.401    8.104   21.752  -11.711   11.296   18.219
   20    24 A A    0.778    3.950 L V  -11.043   -2.531    4.381   -1.943  -13.401    8.104   21.752  -12.262    8.435   15.755
   20    25 A A    0.778    0.009 L G   -6.878   -4.024    2.919   -0.978  -13.401    8.104   21.752  -15.028   10.338   13.915
   20    26 A A    0.778    1.000 L T   -9.978   -5.818    3.089   -1.346  -13.401    8.104   21.752  -17.700    7.651   14.325
   20    28 A A    0.778    0.000 L Q   -5.976   -3.096    3.382   -0.852  -13.401    8.104   21.752  -21.349    6.461   19.921
   20    31 A A    0.778    0.419 L I  -10.177   -4.275    2.745   -2.150  -13.401    8.104   21.752  -17.984    2.292   19.859
   20    35 A A    0.778    2.987 L E   -3.962   -2.157    3.552   -0.508  -13.401    8.104   21.752  -16.796   -2.867   23.205
   20    48 A A    0.778    1.003 L L  -16.217   -6.737    5.275   -1.797  -13.401    8.104   21.752   -8.884    3.652   16.278
   20    51 A A    0.778    1.853 L A  -10.227   -4.856    3.196   -1.681  -13.401    8.104   21.752   -6.564    7.590   18.896
   20    52 A A    0.778    0.687 L L  -14.021   -6.101    3.831   -2.067  -13.401    8.104   21.752   -5.558    4.848   21.391
   21    23 A A    0.000    0.076 A K   -5.157   -3.600    2.554   -0.610  -16.199    8.256   19.125  -11.711   11.296   18.219
   21    24 A A    0.000    3.950 A V   -8.297   -1.594    3.907   -1.716  -16.199    8.256   19.125  -12.262    8.435   15.755
   21    25 A A    0.000    0.009 A G   -4.304   -3.452    2.378   -0.359  -16.199    8.256   19.125  -15.028   10.338   13.915
   21    26 A A    0.000    1.000 A T   -7.347   -4.999    2.300   -1.021  -16.199    8.256   19.125  -17.700    7.651   14.325
   21    27 A A    0.000    0.000 A T   -4.684   -2.018    2.272   -1.173  -16.199    8.256   19.125  -20.986    7.204   16.204
   21    28 A A    0.000    0.000 A Q   -3.425   -2.329    2.538   -0.432  -16.199    8.256   19.125  -21.349    6.461   19.921
   21    29 A A    0.000    0.000 A Q   -3.147   -1.240    2.275   -0.838  -16.199    8.256   19.125  -23.188    3.240   18.947
   21    30 A A    0.000    0.000 A S   -3.918   -3.173    2.366   -0.315  -16.199    8.256   19.125  -20.250    1.992   16.811
   21    31 A A    0.000    0.419 A I   -7.391   -3.518    2.284   -1.695  -16.199    8.256   19.125  -17.984    2.292   19.859
   21    32 A A    0.000    0.922 A E   -2.376   -1.728    2.319   -0.279  -16.199    8.256   19.125  -20.517    0.454   22.024
   22    24 A A    0.000    3.950 Q V   -5.317   -0.851    4.114   -1.085  -15.494   11.953   18.392  -12.262    8.435   15.755
   22    25 A A    0.000    0.009 Q G   -0.775   -2.566    1.679    1.066  -15.494   11.953   18.392  -15.028   10.338   13.915
   22    26 A A    0.000    1.000 Q T   -3.259   -3.973    1.716    0.416  -15.494   11.953   18.392  -17.700    7.651   14.325
   22    28 A A    0.000    0.000 Q Q    0.932   -1.060    2.194    0.908  -15.494   11.953   18.392  -21.349    6.461   19.921
   22    51 A A    0.000    1.853 Q A   -4.519   -3.258    2.623   -0.481  -15.494   11.953   18.392   -6.564    7.590   18.896
   23    25 A A    0.076    0.009 K G   -2.586   -3.849    1.633    0.774  -11.711   11.296   18.219  -15.028   10.338   13.915
   23    26 A A    0.076    1.000 K T   -5.638   -5.871    1.864    0.125  -11.711   11.296   18.219  -17.700    7.651   14.325
   23    47 A A    0.076    0.960 K E   -1.762   -3.950    2.317    0.944  -11.711   11.296   18.219   -8.046    5.736   13.186
   23    48 A A    0.076    1.003 K L  -12.326   -6.438    4.738   -1.243  -11.711   11.296   18.219   -8.884    3.652   16.278
   23    50 A A    0.076    0.000 K S   -2.767   -3.651    2.429    0.364  -11.711   11.296   18.219   -4.059    6.162   16.390
   23    51 A A    0.076    1.853 K A   -6.909   -5.257    2.693   -0.613  -11.711   11.296   18.219   -6.564    7.590   18.896
   23    52 A A    0.076    0.687 K L  -10.130   -5.994    3.462   -1.195  -11.711   11.296   18.219   -5.558    4.848   21.391
   24    26 A A    3.950    1.000 V T   -9.840   -3.889    4.085   -1.457  -12.262    8.435   15.755  -17.700    7.651   14.325
   24    30 A A    3.950    0.000 V S   -6.545   -1.811    4.079   -1.161  -12.262    8.435   15.755  -20.250    1.992   16.811
   24    31 A A    3.950    0.419 V I  -10.249   -2.570    3.778   -2.033  -12.262    8.435   15.755  -17.984    2.292   19.859
   24    42 A A    3.950    0.000 V P   -4.780   -2.417    4.776   -0.495  -12.262    8.435   15.755  -14.698   -1.805   11.829
   24    44 A A    3.950    2.001 V F   -8.659   -0.930    4.027   -1.919  -12.262    8.435   15.755  -12.065    2.746   11.165
   24    47 A A    3.950    0.960 V E   -7.154   -2.773    4.411   -0.993  -12.262    8.435   15.755   -8.046    5.736   13.186
   24    48 A A    3.950    1.003 V L  -15.390   -4.573    5.373   -2.013  -12.262    8.435   15.755   -8.884    3.652   16.278
   24    50 A A    3.950    0.000 V S   -7.075   -2.267    4.364   -1.102  -12.262    8.435   15.755   -4.059    6.162   16.390
   24    51 A A    3.950    1.853 V A   -9.930   -2.712    4.020   -1.796  -12.262    8.435   15.755   -6.564    7.590   18.896
   24    52 A A    3.950    0.687 V L  -13.533   -4.125    4.343   -2.166  -12.262    8.435   15.755   -5.558    4.848   21.391
   25    27 A A    0.009    0.000 G T   -2.182   -2.159    1.214   -0.019  -15.028   10.338   13.915  -20.986    7.204   16.204
   25    30 A A    0.009    0.000 G S   -1.414   -3.247    1.609    1.139  -15.028   10.338   13.915  -20.250    1.992   16.811
   25    44 A A    0.009    2.001 G F   -4.135   -2.673    2.379   -0.615  -15.028   10.338   13.915  -12.065    2.746   11.165
   25    47 A A    0.009    0.960 G E   -1.715   -3.675    2.079    0.943  -15.028   10.338   13.915   -8.046    5.736   13.186
   25    51 A A    0.009    1.853 G A   -5.904   -4.683    2.486   -0.491  -15.028   10.338   13.915   -6.564    7.590   18.896
   26    28 A A    1.000    0.000 T Q   -3.636   -4.350    2.236    0.319  -17.700    7.651   14.325  -21.349    6.461   19.921
   26    29 A A    1.000    0.000 T Q   -3.470   -3.475    1.484    0.003  -17.700    7.651   14.325  -23.188    3.240   18.947
   26    30 A A    1.000    0.000 T S   -4.778   -5.488    1.779    0.399  -17.700    7.651   14.325  -20.250    1.992   16.811
   26    31 A A    1.000    0.419 T I   -8.931   -5.854    1.982   -1.552  -17.700    7.651   14.325  -17.984    2.292   19.859
   26    34 A A    1.000    1.998 T L   -6.998   -5.295    1.681   -1.013  -17.700    7.651   14.325  -17.022   -2.831   19.384
   26    42 A A    1.000    0.000 T P   -2.825   -5.403    2.925    0.881  -17.700    7.651   14.325  -14.698   -1.805   11.829
   26    43 A A    1.000    0.000 T R   -5.812   -5.037    1.483   -0.523  -17.700    7.651   14.325  -13.833    0.352    8.819
   26    44 A A    1.000    2.001 T F   -7.817   -4.677    2.613   -1.201  -17.700    7.651   14.325  -12.065    2.746   11.165
   26    47 A A    1.000    0.960 T E   -4.866   -5.425    2.203    0.254  -17.700    7.651   14.325   -8.046    5.736   13.186
   26    48 A A    1.000    1.003 T L  -14.328   -8.069    4.675   -1.339  -17.700    7.651   14.325   -8.884    3.652   16.278
   27    29 A A    0.000    0.000 T Q   -1.202   -0.772    1.040   -0.414  -20.986    7.204   16.204  -23.188    3.240   18.947
   27    30 A A    0.000    0.000 T S   -2.186   -2.398    1.593    0.133  -20.986    7.204   16.204  -20.250    1.992   16.811
   27    31 A A    0.000    0.419 T I   -6.247   -2.788    1.812   -1.908  -20.986    7.204   16.204  -17.984    2.292   19.859
   27    32 A A    0.000    0.922 T E   -0.292   -0.521    1.072    0.214  -20.986    7.204   16.204  -20.517    0.454   22.024
   27    33 A A    0.000    0.000 T Q   -1.191   -0.596    1.049   -0.568  -20.986    7.204   16.204  -20.806   -2.392   19.522
   28    30 A A    0.000    0.000 Q S   -0.196   -2.351    2.215    0.973  -21.349    6.461   19.921  -20.250    1.992   16.811
   28    31 A A    0.000    0.419 Q I   -5.353   -3.288    2.323   -0.889  -21.349    6.461   19.921  -17.984    2.292   19.859
   28    32 A A    0.000    0.922 Q E    1.011   -1.337    2.073    1.132  -21.349    6.461   19.921  -20.517    0.454   22.024
   29    31 A A    0.000    0.419 Q I   -4.650   -1.961    1.887   -1.425  -23.188    3.240   18.947  -17.984    2.292   19.859
   29    32 A A    0.000    0.922 Q E    0.807   -0.741    1.141    1.357  -23.188    3.240   18.947  -20.517    0.454   22.024
   29    33 A A    0.000    0.000 Q Q   -0.016   -0.470    1.120    0.405  -23.188    3.240   18.947  -20.806   -2.392   19.522
   30    32 A A    0.000    0.922 S E    0.552   -1.570    1.645    1.290  -20.250    1.992   16.811  -20.517    0.454   22.024
   30    33 A A    0.000    0.000 S Q   -1.056   -2.376    1.612    0.819  -20.250    1.992   16.811  -20.806   -2.392   19.522
   30    34 A A    0.000    1.998 S L   -3.996   -3.347    1.668   -0.389  -20.250    1.992   16.811  -17.022   -2.831   19.384
   30    39 A A    0.000    0.000 S T   -0.553   -1.202    1.541    0.421  -20.250    1.992   16.811  -18.099   -5.724   15.541
   30    42 A A    0.000    0.000 S P    0.709   -3.569    2.948    1.451  -20.250    1.992   16.811  -14.698   -1.805   11.829
   30    43 A A    0.000    0.000 S R   -2.384   -2.824    1.463    0.300  -20.250    1.992   16.811  -13.833    0.352    8.819
   30    44 A A    0.000    2.001 S F   -4.052   -2.420    2.477   -0.659  -20.250    1.992   16.811  -12.065    2.746   11.165
   31    33 A A    0.419    0.000 I Q   -5.005   -2.302    1.904   -1.420  -17.984    2.292   19.859  -20.806   -2.392   19.522
   31    34 A A    0.419    1.998 I L   -7.193   -3.735    1.761   -1.963  -17.984    2.292   19.859  -17.022   -2.831   19.384
   31    35 A A    0.419    2.987 I E   -3.109   -2.253    2.805   -0.305  -17.984    2.292   19.859  -16.796   -2.867   23.205
   31    42 A A    0.419    0.000 I P   -3.571   -4.075    3.020    0.167  -17.984    2.292   19.859  -14.698   -1.805   11.829
   31    48 A A    0.419    1.003 I L  -15.126   -6.637    4.548   -1.866  -17.984    2.292   19.859   -8.884    3.652   16.278
   32    34 A A    0.922    1.998 E L   -1.982   -1.774    1.662   -0.125  -20.517    0.454   22.024  -17.022   -2.831   19.384
   32    35 A A    0.922    2.987 E E    2.546   -0.881    2.830    1.211  -20.517    0.454   22.024  -16.796   -2.867   23.205
   32    36 A A    0.922    0.487 E N    0.861   -0.284    1.221    0.938  -20.517    0.454   22.024  -19.650   -5.419   23.423
   32    38 A A    0.922    0.000 E K    1.401   -0.599    1.052    1.902  -20.517    0.454   22.024  -20.576   -7.067   18.122
   33    35 A A    0.000    2.987 Q E    2.277   -0.203    2.598    0.955  -20.806   -2.392   19.522  -16.796   -2.867   23.205
   33    36 A A    0.000    0.487 Q N    0.133   -0.147    1.143    0.245  -20.806   -2.392   19.522  -19.650   -5.419   23.423
   33    37 A A    0.000    0.118 Q G   -0.711   -1.312    0.890    0.676  -20.806   -2.392   19.522  -17.929   -7.668   20.843
   33    38 A A    0.000    0.000 Q K   -0.691   -1.030    0.920    0.369  -20.806   -2.392   19.522  -20.576   -7.067   18.122
   33    39 A A    0.000    0.000 Q T   -0.199   -0.249    1.363    0.037  -20.806   -2.392   19.522  -18.099   -5.724   15.541
   33    42 A A    0.000    0.000 Q P    1.614   -1.956    2.850    1.253  -20.806   -2.392   19.522  -14.698   -1.805   11.829
   34    36 A A    1.998    0.487 L N   -2.548   -0.907    1.484   -1.105  -17.022   -2.831   19.384  -19.650   -5.419   23.423
   34    37 A A    1.998    0.118 L G   -3.905   -2.849    1.454   -0.726  -17.022   -2.831   19.384  -17.929   -7.668   20.843
   34    38 A A    1.998    0.000 L K   -3.679   -2.181    1.529   -0.980  -17.022   -2.831   19.384  -20.576   -7.067   18.122
   34    39 A A    1.998    0.000 L T   -3.217   -1.349    1.539   -1.214  -17.022   -2.831   19.384  -18.099   -5.724   15.541
   34    40 A A    1.998    0.984 L K   -3.645   -3.660    1.539    0.010  -17.022   -2.831   19.384  -14.566   -7.099   15.213
   34    42 A A    1.998    0.000 L P   -2.451   -3.982    2.526    0.606  -17.022   -2.831   19.384  -14.698   -1.805   11.829
   34    44 A A    1.998    2.001 L F   -6.451   -2.653    2.420   -1.570  -17.022   -2.831   19.384  -12.065    2.746   11.165
   34    48 A A    1.998    1.003 L L  -13.232   -5.861    4.430   -1.664  -17.022   -2.831   19.384   -8.884    3.652   16.278
   35    37 A A    2.987    0.118 E G    1.615   -1.088    2.517    1.074  -16.796   -2.867   23.205  -17.929   -7.668   20.843
   35    38 A A    2.987    0.000 E K    1.740   -0.659    2.538    0.945  -16.796   -2.867   23.205  -20.576   -7.067   18.122
   36    38 A A    0.487    0.000 N K   -0.673   -0.930    0.941    0.273  -19.650   -5.419   23.423  -20.576   -7.067   18.122
   36    39 A A    0.487    0.000 N T    0.601    1.069    1.146   -0.409  -19.650   -5.419   23.423  -18.099   -5.724   15.541
   37    39 A A    0.118    0.000 G T   -0.677   -0.826    1.075    0.139  -17.929   -7.668   20.843  -18.099   -5.724   15.541
   37    40 A A    0.118    0.984 G K   -1.109   -3.237    0.921    2.310  -17.929   -7.668   20.843  -14.566   -7.099   15.213
   38    40 A A    0.000    0.984 K K   -0.779   -2.540    0.931    1.891  -20.576   -7.067   18.122  -14.566   -7.099   15.213
   39    41 A A    0.000    0.000 T R    0.728   -0.047    1.231    0.630  -18.099   -5.724   15.541  -13.396   -5.377   12.021
   39    42 A A    0.000    0.000 T P    0.655   -2.322    2.923    1.018  -18.099   -5.724   15.541  -14.698   -1.805   11.829
   40    42 A A    0.984    0.000 K P    1.187   -3.619    2.824    1.702  -14.566   -7.099   15.213  -14.698   -1.805   11.829
   40    60 A A    0.984    0.995 K L   -5.192   -4.473    1.695   -0.424  -14.566   -7.099   15.213   -6.615   -7.269   16.659
   41    43 A A    0.000    0.000 R R   -0.943   -1.638    0.933    0.744  -13.396   -5.377   12.021  -13.833    0.352    8.819
   41    45 A A    0.000    0.040 R L   -4.169   -1.578    2.680   -0.967  -13.396   -5.377   12.021   -9.300    0.452   12.522
   41    60 A A    0.000    0.995 R L   -4.245   -2.923    1.725   -0.766  -13.396   -5.377   12.021   -6.615   -7.269   16.659
   42    44 A A    0.000    2.001 P F   -2.538   -3.301    3.212    0.238  -14.698   -1.805   11.829  -12.065    2.746   11.165
   42    45 A A    0.000    0.040 P L   -3.918   -3.493    3.338   -0.127  -14.698   -1.805   11.829   -9.300    0.452   12.522
   42    47 A A    0.000    0.960 P E    0.794   -3.683    3.339    1.341  -14.698   -1.805   11.829   -8.046    5.736   13.186
   42    48 A A    0.000    1.003 P L   -9.178   -6.382    5.368   -0.521  -14.698   -1.805   11.829   -8.884    3.652   16.278
   43    45 A A    0.000    0.040 R L   -6.684   -2.561    2.635   -1.565  -13.833    0.352    8.819   -9.300    0.452   12.522
   43    46 A A    0.000    0.000 R P   -0.985   -2.232    1.976    0.631  -13.833    0.352    8.819   -6.356    2.709   11.569
   43    47 A A    0.000    0.960 R E   -1.978   -3.180    2.050    0.586  -13.833    0.352    8.819   -8.046    5.736   13.186
   44    46 A A    2.001    0.000 F P   -2.637   -1.961    2.731   -0.248  -12.065    2.746   11.165   -6.356    2.709   11.569
   44    47 A A    2.001    0.960 F E   -4.921   -3.002    2.820   -0.680  -12.065    2.746   11.165   -8.046    5.736   13.186
   44    48 A A    2.001    1.003 F L  -13.216   -5.252    4.488   -1.774  -12.065    2.746   11.165   -8.884    3.652   16.278
   44    49 A A    2.001    0.000 F A   -8.079   -1.994    4.230   -1.438  -12.065    2.746   11.165   -5.274    2.563   16.684
   44    51 A A    2.001    1.853 F A   -8.186   -3.777    3.124   -1.411  -12.065    2.746   11.165   -6.564    7.590   18.896
   45    47 A A    0.040    0.960 L E   -5.356   -3.262    3.089   -0.678   -9.300    0.452   12.522   -8.046    5.736   13.186
   45    48 A A    0.040    1.003 L L  -14.087   -5.472    4.510   -1.910   -9.300    0.452   12.522   -8.884    3.652   16.278
   45    49 A A    0.040    0.000 L A   -8.614   -2.170    4.094   -1.574   -9.300    0.452   12.522   -5.274    2.563   16.684
   45    56 A A    0.040    0.000 L V   -8.474   -1.632    2.940   -2.327   -9.300    0.452   12.522   -3.476   -2.151   14.579
   45    59 A A    0.040    2.051 L L  -13.308   -4.607    4.287   -2.030   -9.300    0.452   12.522   -5.691   -4.270   18.794
   45    60 A A    0.040    0.995 L L   -8.909   -3.793    2.644   -1.935   -9.300    0.452   12.522   -6.615   -7.269   16.659
   46    48 A A    0.000    1.003 P L   -9.705   -5.464    4.884   -0.868   -6.356    2.709   11.569   -8.884    3.652   16.278
   46    49 A A    0.000    0.000 P A   -4.598   -2.599    4.137   -0.483   -6.356    2.709   11.569   -5.274    2.563   16.684
   46    50 A A    0.000    0.000 P S   -0.270   -2.916    2.630    1.006   -6.356    2.709   11.569   -4.059    6.162   16.390
   46    56 A A    0.000    0.000 P V   -4.511   -2.262    3.210   -0.701   -6.356    2.709   11.569   -3.476   -2.151   14.579
   47    49 A A    0.960    0.000 E A   -5.692   -3.082    4.272   -0.611   -8.046    5.736   13.186   -5.274    2.563   16.684
   47    50 A A    0.960    0.000 E S   -2.371   -4.326    2.879    0.679   -8.046    5.736   13.186   -4.059    6.162   16.390
   47    51 A A    0.960    1.853 E A   -6.183   -5.049    3.071   -0.369   -8.046    5.736   13.186   -6.564    7.590   18.896
   48    50 A A    1.003    0.000 L S  -11.346   -6.073    4.753   -1.109   -8.884    3.652   16.278   -4.059    6.162   16.390
   48    51 A A    1.003    1.853 L A  -14.417   -7.188    4.647   -1.555   -8.884    3.652   16.278   -6.564    7.590   18.896
   48    52 A A    1.003    0.687 L L  -17.827   -8.384    4.897   -1.928   -8.884    3.652   16.278   -5.558    4.848   21.391
   48    54 A A    1.003    0.967 L V  -16.036   -6.198    4.871   -2.020   -8.884    3.652   16.278   -1.452    1.667   19.683
   48    56 A A    1.003    0.000 L V  -14.894   -4.725    4.960   -2.050   -8.884    3.652   16.278   -3.476   -2.151   14.579
   48    59 A A    1.003    2.051 L L  -19.170   -7.966    5.646   -1.984   -8.884    3.652   16.278   -5.691   -4.270   18.794
   49    51 A A    0.000    1.853 A A   -9.643   -4.113    4.145   -1.334   -5.274    2.563   16.684   -6.564    7.590   18.896
   49    52 A A    0.000    0.687 A L  -12.002   -4.636    4.140   -1.779   -5.274    2.563   16.684   -5.558    4.848   21.391
   49    53 A A    0.000    0.000 A G   -5.555   -2.705    4.018   -0.709   -5.274    2.563   16.684   -1.827    5.299   20.738
   49    54 A A    0.000    0.967 A V   -9.794   -2.729    4.194   -1.685   -5.274    2.563   16.684   -1.452    1.667   19.683
   49    55 A A    0.000    0.000 A S   -5.480   -2.558    4.348   -0.672   -5.274    2.563   16.684   -0.761   -0.416   16.580
   49    56 A A    0.000    0.000 A V   -9.095   -1.587    4.234   -1.773   -5.274    2.563   16.684   -3.476   -2.151   14.579
   49    57 A A    0.000    0.000 A D   -3.954   -1.865    4.214   -0.496   -5.274    2.563   16.684   -1.755   -5.524   15.127
   49    58 A A    0.000    0.002 A W   -7.255   -3.151    3.558   -1.153   -5.274    2.563   16.684   -1.948   -5.122   18.909
   49    59 A A    0.000    2.051 A L  -12.818   -3.976    4.569   -1.935   -5.274    2.563   16.684   -5.691   -4.270   18.794
   49    60 A A    0.000    0.995 A L   -9.139   -3.889    3.939   -1.333   -5.274    2.563   16.684   -6.615   -7.269   16.659
   50    52 A A    0.000    0.687 S L   -9.150   -5.607    3.478   -1.018   -4.059    6.162   16.390   -5.558    4.848   21.391
   50    53 A A    0.000    0.000 S G   -1.913   -3.462    2.558    0.605   -4.059    6.162   16.390   -1.827    5.299   20.738
   50    54 A A    0.000    0.967 S V   -7.063   -3.481    3.125   -1.147   -4.059    6.162   16.390   -1.452    1.667   19.683
   50    56 A A    0.000    0.000 S V   -5.922   -2.060    3.076   -1.256   -4.059    6.162   16.390   -3.476   -2.151   14.579
   51    53 A A    1.853    0.000 A G   -5.777   -4.359    2.696   -0.526   -6.564    7.590   18.896   -1.827    5.299   20.738
   51    54 A A    1.853    0.967 A V  -10.698   -4.765    3.208   -1.849   -6.564    7.590   18.896   -1.452    1.667   19.683
   52    54 A A    0.687    0.967 L V  -13.328   -5.743    3.447   -2.201   -5.558    4.848   21.391   -1.452    1.667   19.683
   52    55 A A    0.687    0.000 L S   -8.671   -5.226    3.573   -0.964   -5.558    4.848   21.391   -0.761   -0.416   16.580
   52    58 A A    0.687    0.002 L W   -9.988   -6.087    2.811   -1.388   -5.558    4.848   21.391   -1.948   -5.122   18.909
   52    59 A A    0.687    2.051 L L  -17.006   -7.169    4.434   -2.218   -5.558    4.848   21.391   -5.691   -4.270   18.794
   53    55 A A    0.000    0.000 G S   -1.200   -2.571    2.537    0.540   -1.827    5.299   20.738   -0.761   -0.416   16.580
   53    58 A A    0.000    0.002 G W   -3.159   -3.443    1.646    0.173   -1.827    5.299   20.738   -1.948   -5.122   18.909
   54    56 A A    0.967    0.000 V V   -9.981   -2.391    3.344   -2.270   -1.452    1.667   19.683   -3.476   -2.151   14.579
   54    57 A A    0.967    0.000 V D   -4.988   -2.745    3.198   -0.702   -1.452    1.667   19.683   -1.755   -5.524   15.127
   54    58 A A    0.967    0.002 V W   -7.944   -3.396    2.378   -1.912   -1.452    1.667   19.683   -1.948   -5.122   18.909
   54    59 A A    0.967    2.051 V L  -14.124   -5.003    4.079   -2.236   -1.452    1.667   19.683   -5.691   -4.270   18.794
   54    62 A A    0.967    0.520 V G   -7.513   -3.861    2.666   -1.370   -1.452    1.667   19.683   -2.881   -8.759   21.289
   55    57 A A    0.000    0.000 S D    0.243   -3.041    3.364    0.976   -0.761   -0.416   16.580   -1.755   -5.524   15.127
   55    58 A A    0.000    0.002 S W   -3.197   -3.480    2.351    0.121   -0.761   -0.416   16.580   -1.948   -5.122   18.909
   55    59 A A    0.000    2.051 S L   -9.370   -4.654    4.203   -1.122   -0.761   -0.416   16.580   -5.691   -4.270   18.794
   55    60 A A    0.000    0.995 S L   -4.944   -3.834    2.366   -0.469   -0.761   -0.416   16.580   -6.615   -7.269   16.659
   55    62 A A    0.000    0.520 S G   -2.061   -3.375    2.266    0.580   -0.761   -0.416   16.580   -2.881   -8.759   21.289
   56    58 A A    0.000    0.002 V W   -6.311   -2.539    2.371   -1.591   -3.476   -2.151   14.579   -1.948   -5.122   18.909
   56    59 A A    0.000    2.051 V L  -12.978   -3.838    4.055   -2.254   -3.476   -2.151   14.579   -5.691   -4.270   18.794
   56    60 A A    0.000    0.995 V L   -8.595   -2.969    2.574   -2.186   -3.476   -2.151   14.579   -6.615   -7.269   16.659
   56    61 A A    0.000    0.000 V N   -4.022   -1.057    3.120   -0.950   -3.476   -2.151   14.579   -4.192   -9.951   17.901
   57    59 A A    0.000    2.051 D L   -8.028   -4.396    4.268   -0.851   -1.755   -5.524   15.127   -5.691   -4.270   18.794
   57    60 A A    0.000    0.995 D L   -4.549   -3.751    2.424   -0.329   -1.755   -5.524   15.127   -6.615   -7.269   16.659
   57    61 A A    0.000    0.000 D N    1.689   -2.574    3.189    1.337   -1.755   -5.524   15.127   -4.192   -9.951   17.901
   57    62 A A    0.000    0.520 D G   -0.542   -3.019    2.281    1.086   -1.755   -5.524   15.127   -2.881   -8.759   21.289
   57    63 A A    0.000    0.000 D T    0.755   -1.264    2.110    0.957   -1.755   -5.524   15.127    0.725   -9.218   20.148
   58    60 A A    0.002    0.995 W L   -6.380   -4.538    1.428   -1.290   -1.948   -5.122   18.909   -6.615   -7.269   16.659
   58    61 A A    0.002    0.000 W N   -1.930   -2.522    1.737    0.341   -1.948   -5.122   18.909   -4.192   -9.951   17.901
   58    62 A A    0.002    0.520 W G   -4.042   -4.077    1.507    0.023   -1.948   -5.122   18.909   -2.881   -8.759   21.289
   58    63 A A    0.002    0.000 W T   -2.840   -2.370    1.179   -0.399   -1.948   -5.122   18.909    0.725   -9.218   20.148
   59    61 A A    2.051    0.000 L N   -8.085   -3.676    4.071   -1.083   -5.691   -4.270   18.794   -4.192   -9.951   17.901
   59    62 A A    2.051    0.520 L G  -10.550   -5.428    3.872   -1.323   -5.691   -4.270   18.794   -2.881   -8.759   21.289
   60    62 A A    0.995    0.520 L G   -6.126   -4.568    1.625   -0.959   -6.615   -7.269   16.659   -2.881   -8.759   21.289
   60    63 A A    0.995    0.000 L T   -4.759   -2.896    1.505   -1.238   -6.615   -7.269   16.659    0.725   -9.218   20.148
   61    63 A A    0.000    0.000 N T    0.266   -1.401    2.002    0.833   -4.192   -9.951   17.901    0.725   -9.218   20.148
